//EXTRASUNNY
//Midnight
96 150 184  30 166 217  47 187 196  -1  0  116  0 102 255  0 0 0  -1  -1  -1  -1  1.2  1500  50  35 9 10  26 30 36  43 48 54 154  2.69  0.3  0.71  4.94  107 133 138  0 0 0  0.34  1  0.78  0.83  1  1.19  15.75  182.64  19.88  256  0  0  1  3.51  3.57  1.84  0  0  1.389  0.302 0.399 0.496  0.812 0.906 1  0.752 0.673 0.525  0.361 0.31 0.31  1  4.976  0.162  -1  -1  0.436 0.435 0.435  0.603  0.998  0.265  0.132  -1 0.757  8  0.667  1.7  -1  0.088  0.675  0.124  0.89  1.265  0.666 0.666 0.666  0.063  0.886 0.799 0.799  0.624  6.9  0.32  0.18  0.029  24.962 25 26  0.114  1.057  -1  -1  0  0  1000  -1  -1  0  0  3.498  0.75  1  1  1  0.8  2  1  1
//5AM
128 153 186  93 153 199  83 252 252  -1  0  100  23 126 251  41 39 39  -1  -1  -1  -1  1.2  1500  54  35 9 10  26 30 36  45 45 45 168  2.28  0.25  0.69  1.23  103 130 134  0 0 0  0.51  1  0.85  0.83  1  1.35  15.79  174.12  16.93  256  0.03  0  2.5  3.69  3.85  2.75  2  1  1.08  0.373 0.471 0.573  0.82 0.839 0.922  0.792 0.71 0.553  0.459 0.4 0.353  1  4.5  0.168  -1  -1  0.443 0.443 0.443  0.569  1.044  0.26  0.132  -1 0.757  8  0.667  1.7  -1  0.088  0.631  0.124  0.892  1.265  0.686 0.686 0.686  0.075  0.894 0.792 0.792  0.55  9.697  0.484  0.165  0.024  24 25 26  0.095  0.882  -1  -1  0  0  1000  -1  -1  0.141  0.428  1  1  1  1  1  0.733  2  1  1
//6AM
160 209 254  53 123 239  255 242 230  -1  0  21  139 251 232  249 237 237  -1  -1  -1  -1  1  1500  73.97  113 115 113  106 105 102  56 30 3 239  0.24  0.01  0.6  1.55  86 116 117  0 0 0  0.65  1  0.71  0.82  1  1.17  16.01  131.49  2.19  254.89  0.17  71  7.79  1.69  3.25  5.35  12.5  9  0.379  0.73 0.839 0.944  0.867 0.514 0.52  1 0.894 0.698  0.958 0.844 0.57  1  2.202  0.2  -1  -1  0.478 0.478 0.478  0.401  1.276  0.238  0.132  -1 0.757  8  0.667  1.7  -1  0.09  0.408  0.124  0.901  1.265  0.794 0.793 0.793  0.138  0.945 0.761 0.761  0.177  23.683  0.006  0.674  0  24.029 25 26  0.002  0.005  -1  -1  0  0  1000  -1  -1  0.216  1  1.061  1.1  1  1  1  0.9  2  1  1
//7AM
166 212 255  42 119 250  237 164 95  -1  0  24  140 255 236  255 255 255  -1  -1  -1  -1  1  1500  73.03  119 120 120  105 105 105  10 6 2 239  0.14  0  0.61  2.88  120 105 84  0 0 0  0.66  1  0.71  0.82  1  1.18  15.99  127.95  1.46  255.92  0.17  77  17  4  4.5  12.75  13  10  0.4  0.741 0.847 0.949  0.871 0.486 0.486  1 0.894 0.698  1 0.882 0.588  1  1.86  0.203  -1  -1  0.478 0.478 0.478  0.396  1.296  0.252  0.132  -1 0.757  8  0.667  1.7  -1  0.088  0.4  0.124  0.89  1.265  0.8 0.8 0.8  0.14  0.953 0.761 0.761  0.164  25  0  0.685  0  24 25 26  0  0  -1  -1  0  0  1000  -1  -1  0.225  1  1.05  1  1  1  1  0.6  2  1  1
//9AM
184 229 252  255 167 122  252 252 235  -1  0  0  82 154 217  255 255 255  -1  -1  -1  -1  1  1500  100  58 72 40  199 230 196  6 14 18 240  0.14  0.16  0.62  4.3  130 120 98  0 0 0  0.63  1  0.6  0.51  1  0.9  16  128  1.53  256  0.1  217  17  4.75  5  19.25  13  10  0.36  0.396 0.592 0.788  0.451 0.675 0.902  0.451 0.675 0.902  0 0.749 1  1  16.66  0.155  -1  -1  0.29 0.29 0.29  0.102  1.066  0  0.132  -1 0  8  0.667  1.7  -1  0.354  0.354  0.5  0.4  0.435  0.102 0.102 0.102  1.265  0.659 0.655 0.655  0  1.7  0  0.685  0  24 25 26  0  0  -1  -1  0  0.296  1000  -1  -1  0.2  1  1  0.8  1  1  1  0.7  2  1  1
//Midday
138 167 255  255 216 117  227 172 100  -1  0  0  3 154 255  255 255 255  -1  -1  -1  -1  1  1500  73  119 120 120  105 105 105  7 22 23 125  0.19  0  0.61  2.88  115 122 113  0 0 0  0.7  1  0.92  0.82  1  0.96  16  128  1.46  256  0.11  77  14.75  6.25  8.5  11.5  13  10  0.46  0.412 0.584 0.78  0.871 0.486 0.486  1 0.894 0.698  0.361 0.31 0.31  1  1.298  0.37  -1  -1  0.29 0.282 0.282  0.102  1.243  0  0.132  -1 0.757  8  0.667  1.7  -1  0.354  0.4  0.124  0.425  1.265  0 0 0  0.14  0.941 0.631 0.49  0.164  5  0  0.685  0  24 25 26  0  0  -1  -1  0.032  0  130.75  -1  -1  0  1  1  0.8  1  1  1  0.75  2  1  1
//6PM
163 224 255  255 167 122  252 252 235  -1  0  0  82 154 217  255 255 255  -1  -1  -1  -1  1  1500  100  58 72 40  199 230 196  6 14 18 240  0.14  0.16  0.62  4.3  130 120 98  0 0 0  0.63  1  0.6  0.51  1  0.9  16  128  1.53  256  0.1  217  17  4.75  5  13  13  10  0.36  0.396 0.592 0.788  0.451 0.675 0.902  0.451 0.675 0.902  0 0.749 1  1  16.66  0.155  -1  -1  0.29 0.29 0.29  0.102  1.066  0  0.132  -1 0  8  0.667  1.7  -1  0.354  0.354  0.5  0.4  0.435  0.102 0.102 0.102  1.265  0.659 0.655 0.655  0  1.7  0  0.685  0  24 25 26  0  0  -1  -1  0  0.296  1000  -1  -1  0.2  1  1  1  1  1  1  0.7  2  1  1
//7PM
166 224 255  255 225 0  255 189 158  -1  0  24  255 140 140  255 255 255  -1  -1  -1  -1  1  1500  73  119 120 120  105 105 105  15 15 15 239  0.14  0.43  0.63  2.43  138 108 69  0 0 0  0.75  1  0.72  0.82  1  1.18  16  128  1.46  256  0.17  77  13  5.5  4.5  11.25  13  10  0.4  0.729 0.922 1  0.871 0.635 0.486  1 0.894 0.698  1 0.882 0.588  1  4.32  0.495  -1  -1  0.49 0.447 0.447  0.396  1.296  0.252  0.132  -1 0.757  8  0.667  1.7  -1  0.088  0.4  0.124  0.89  1.265  0.8 0.8 0.8  0.14  0.949 0.863 0.761  0.164  8  0  0.685  0  24 25 26  0  0  -1  -1  0  0  1000  -1  -1  0.225  1  1.05  1  1  1  1  0.6  2  1  1
//8PM
166 224 255  255 225 0  255 189 158  -1  0  24  255 140 140  255 255 255  -1  -1  -1  -1  1  1500  73  119 120 120  105 105 105  28 28 28 239  0.14  0.43  0.63  2.43  138 108 69  0 0 0  0.75  1  0.72  0.82  1  1.18  16  128  1.46  256  0.17  77  13  5.5  4.5  11.25  13  10  0.4  0.729 0.922 1  0.871 0.635 0.486  1 0.894 0.698  1 0.882 0.588  1  4.32  0.788  -1  -1  0.49 0.447 0.447  0.396  1.296  0.252  0.132  -1 0.757  8  0.667  1.7  -1  0.088  0.4  0.124  0.89  1.265  0.8 0.8 0.8  0.14  0.949 0.863 0.761  0.164  8  0  0.685  0  24 25 26  0  0  -1  -1  0  0  1000  -1  -1  0.225  1  1.05  1  1  1  1  0.7  2  1  1
//9PM
166 224 255  255 225 0  255 189 158  -1  0  24  255 140 140  255 255 255  -1  -1  -1  -1  1  1500  73  119 120 120  105 105 105  20 20 20 239  0.58  0.43  0.63  2.43  138 108 69  0 0 0  0.75  1  0.72  0.82  1  1.18  16  128  3.66  256  0.17  77  6.5  2.25  2.25  4  13  10  0.4  0.545 0.553 0.69  0.871 0.635 0.486  1 0.894 0.698  1 0.882 0.588  1  4.32  0.788  -1  -1  0.49 0.447 0.447  0.396  1.296  0.252  0.132  -1 0.757  8  0.667  1.7  -1  0.088  0.4  0.124  0.89  1.265  0.071 0.071 0.071  0.14  0.949 0.863 0.761  0.164  8  0  0.685  0  24 25 26  0  0  -1  -1  0  0  1000  -1  -1  0.225  1  1.05  0.8  1  1  1  0.7  2  1  1
//10PM
96 150 184  30 166 217  42 169 177  -1  0  116  0 102 255  0 0 0  -1  -1  -1  -1  1.2  1500  50.77  35 9 10  26 30 36  43 48 54 154  2.66  0.31  0.71  4.92  107 133 138  0 0 0  0.34  1  0.76  0.83  1  1.24  15.67  181.86  19.86  255.19  0  0  2.75  3.51  3.57  1.84  0  0  1.382  0.302 0.399 0.496  0.812 0.906 1  0.752 0.673 0.525  0.361 0.31 0.31  1  4.976  0.162  -1  -1  0.436 0.435 0.435  0.603  0.998  0.265  0.132  -1 0.757  8  0.667  1.7  -1  0.088  0.675  0.124  0.89  1.265  0.666 0.666 0.666  0.063  0.886 0.799 0.799  0.624  6.9  0.32  0.18  0.029  24.962 25 26  0.114  1.057  -1  -1  0  0  1000  -1  -1  0.126  0.314  3.498  0.75  1  1  1  0.8  2  1  1

//SUNNY
//Midnight
155 179 88  144 148 180  59 206 255  -1  0  0  13 13 13  0 0 0  -1  -1  -1  -1  1  1500  50  35 9 10  26 30 36  0 42 59 150  1.67  0.1  0.98  1.2  128 128 128  5 5 5  0.65  10  0.73  0.7  2.49  1.35  15  348.75  20.23  256  0  0  2  0.8  0.6  3.05  0  0  0.643  0.22 0.22 0.22  1 0.561 0.059  0 0 0  0.361 0.31 0.31  1  11.205  0  -1  -1  0.31 0.306 0.306  0.368  0.998  1.07  0.132  -1 0.757  8  0.667  1.7  -1  0.088  1.513  0.124  0.89  1.265  0.259 0.259 0.259  0.14  0.953 0.761 0.761  0.164  8  0.359  0.174  0.256  0 0 0  0  4  -1  -1  0  0  1000  -1  -1  0  0.25  3.825  0.8  1  1  1  0.9  2  1  1
//5AM
141 163 182  144 148 180  59 206 255  -1  0  0  13 13 13  0 0 0  -1  -1  -1  -1  1  1500  50  35 9 10  26 30 36  45 55 55 150  2.4  0.63  0.7  4.45  128 128 128  0 0 0  0.65  1  0.77  0.62  1  1.2  15  348.75  19.88  256  0  0  2  3.92  3.93  3.05  0  0  0.643  0.22 0.22 0.22  1 0.561 0.059  0 0 0  0.361 0.31 0.31  1  11.205  0  -1  -1  0.31 0.306 0.306  0.368  0.998  1.07  0.132  -1 0.757  8  0.667  1.7  -1  0.088  1.513  0.124  0.89  1.265  0.259 0.259 0.259  0.14  0.412 0.318 0.318  0.164  8  0.359  0.174  0.256  0 0 0  0  4  -1  -1  0  0  1000  -1  -1  0.1  0.25  2.775  0.8  1  1  1  0.9  2  1  1
//6AM
141 159 152  247 218 108  255 148 8  -1  0  22  191 200 160  250 0 0  -1  -1  -1  -1  1  1500  100  58 72 40  179 148 88  0 40 60 240  0.93  0  0.46  1.84  101 130 109  0 0 0  0.43  1  0.75  1  1  1.18  16  128  9.93  234.82  0.2  0  8.41  7.21  7.8  11  7.25  2  0.46  0.722 0.859 1  0.812 0.906 1  1 0.894 0.698  0.361 0.31 0.31  1  6.613  0.215  -1  -1  0.478 0.478 0.478  0.368  0.998  0  0.132  -1 0.757  8  0.667  1.7  -1  0.088  0.4  0.124  0.89  1.265  0.8 0.8 0.8  0.14  0.953 0.761 0.761  0.164  25  0  0.685  0  24 25 26  0  0  -1  -1  0  0  1000  -1  -1  0.15  1  1  1.4  1  1  1  0.8  2  1  1
//7AM
255 227 166  250 136 42  255 148 41  -1  0  24  255 140 140  255 255 255  -1  -1  -1  -1  1  1500  73  119 120 120  105 105 105  20 20 20 239  0.14  0  0.61  2.88  122 110 94  0 0 0  0.66  1  0.71  0.82  1  1.18  16  128  1.46  256  0.17  77  20.75  4  4.5  12.75  13  10  0.4  0.678 0.839 1  0.384 0.812 0.871  1 0.894 0.698  1 0.882 0.588  1  1.86  0.203  -1  -1  0.478 0.478 0.478  0.396  1.296  0.252  0.132  -1 0.757  8  0.667  1.7  -1  0.088  0.4  0.124  0.89  1.265  0.8 0.8 0.8  0.14  0.953 0.761 0.761  0.164  25  0  0.685  0  24 25 26  0  0  -1  -1  0  0  1000  -1  -1  0.225  1  1.05  1  1  1  1  0  2  1  1
//9AM
50 199 184  235 147 75  255 208 163  -1  0  44  51 150 255  255 255 255  -1  -1  -1  -1  1  1500  147.1  119 120 120  105 105 105  0 0 0 239  0.2  0  0.61  2.87  109 120 122  0 0 0  0.71  1  0.8  1  1  1.18  15.94  127.65  1.47  255.43  0.1  77  10.25  4  4  8  1.5  9  0.458  0.529 0.757 0.91  0.949 0.969 1  1 0.894 0.698  0.361 0.31 0.31  1  1.86  0.451  -1  -1  0.561 0.478 0.408  0.396  1.434  0.285  0.132  -1 1  6.272  0.548  0.378  -1  0.373  0.4  0.124  0.89  1.265  0.89 0.89 0.89  0.14  0.941 0.82 0.706  1  8  0  0.685  0  24 25 26  0  0  -1  -1  0  0  1000  -1  -1  0.3  1  1.5  0.8  1  1  1  0.725  2  1  1
//Midday
121 199 191  240 237 209  255 223 194  -1  0  44  51 150 255  255 255 255  -1  -1  -1  -1  1  1500  147.1  119 120 120  105 105 105  0 0 0 239  0.2  0  0.61  2.87  109 120 122  0 0 0  0.76  1  0.8  1  1  1.18  15.94  127.65  1.47  255.43  0.1  77  10.25  4  4  8  1.5  9  0.458  0.682 0.82 0.91  0.949 0.969 1  1 0.894 0.698  0.361 0.31 0.31  1  1.95  0.361  -1  -1  0.561 0.514 0.471  0.396  1.434  0.285  0.132  -1 1  6.272  0.548  0.51  -1  0.373  0.4  0.124  0.89  1.265  0.89 0.89 0.89  0.14  0.941 0.82 0.706  1  8  0  0.685  0  24 25 26  0  0  -1  -1  0  0  1000  -1  -1  0.3  1  1.5  0.8  1  1  1  0.725  2  1  1
//6PM
255 219 166  119 144 247  250 239 207  -1  0  24  140 148 255  255 255 255  -1  -1  -1  -1  1  1500  73  119 120 120  105 105 105  56 49 43 239  0.14  0  0.61  2.88  125 110 90  0 0 0  0.66  1  0.78  0.82  1  1.18  16  128  1.46  256  0.17  77  20.75  4  6  14.5  13  10  0.4  0.678 0.839 1  0.871 0.486 0.486  1 0.894 0.698  1 0.882 0.588  1  1.86  0.203  -1  -1  0.478 0.478 0.478  0.396  1.296  0.252  0.132  -1 0.757  8  0.667  1.7  -1  0.088  0.4  0.124  0.89  1.265  0.8 0.8 0.8  0.14  0.953 0.761 0.761  0.164  8  0  0.685  0  24 25 26  0  0  -1  -1  0  0  1000  -1  -1  0.225  1  1.05  1  1  1  1  0.75  2  1  1
//7PM
255 227 166  250 136 42  255 134 42  -1  0  24  255 140 140  255 255 255  -1  -1  -1  -1  1  1500  73  119 120 120  105 105 105  61 31 0 239  0.14  0  0.61  2.88  122 110 94  0 0 0  0.66  1  0.71  0.82  1  1.18  16  128  1.78  256  0.17  77  20.75  4  4.5  10  13  10  0.4  0.969 0.925 0.882  0.871 0.486 0.486  1 0.894 0.698  1 0.882 0.588  1  1.86  0.203  -1  -1  0.49 0.451 0.435  0.396  1.296  0.252  0.132  -1 0.757  8  0.667  1.7  -1  0.088  0.4  0.124  0.89  1.265  0.8 0.8 0.8  0.14  0.949 0.906 0.761  0.164  8  0  0.685  0  24 25 26  0  0  -1  -1  0  0  1000  -1  -1  0.225  1  1.05  1.1  1  1  0.825  0.8  2  1  1
//8PM
255 227 166  250 136 42  255 134 42  -1  0  24  255 140 140  255 255 255  -1  -1  -1  -1  1  1500  73  119 120 120  105 105 105  13 13 13 239  0.21  0  0.61  2.88  122 110 94  0 0 0  0.66  1  0.71  0.82  1  1.18  16  128  2.56  256  0.17  77  15  2.25  2.5  10  13  10  0.4  1 0.839 0.678  0.871 0.486 0.486  1 0.894 0.698  1 0.882 0.588  1  1.86  0.203  -1  -1  0.478 0.478 0.478  0.396  1.296  0.252  0.132  -1 0.757  8  0.667  1.7  -1  0.088  0.4  0.124  0.89  1.265  0.8 0.8 0.8  0.14  0.949 0.906 0.761  0.164  8  0  0.685  0  24 25 26  0  0  -1  -1  0  0  1000  -1  -1  0.225  1  1.05  0.95  1  1  0.825  0.8  2  1  1
//9PM
118 137 255  255 193 117  250 125 117  -1  0  0  139 111 129  255 45 0  -1  -1  -1  -1  1  1500  9  62 120 141  104 198 255  26 32 41 100  2.85  0.08  0.57  3.75  133 96 66  0 0 0  0.37  1  0.74  0.6  1  1  8  64  18.73  256  0.1  0  11.75  4.5  2.5  6.5  18  3  0.46  0.678 0.839 1  0.812 0.906 1  1 0.894 0.698  0.361 0.31 0.31  1  11  0.215  -1  -1  0.478 0.478 0.478  0.368  0.998  0  0.132  -1 0.757  8  0.667  1.7  -1  0.088  0.4  0.124  0.89  1.265  0.8 0.8 0.8  0.14  0.91 0.773 0.773  0.159  8  0.179  0.133  0  24 25 26  0  0  -1  -1  0.04  0  1000  -1  -1  0  0.8  1  0.7  1  1  1  0.825  2  1  1
//10PM
142 159 180  145 148 180  33 119 147  -1  0  0  13 13 13  0 0 0  -1  -1  -1  -1  1  1500  50  35 9 10  26 30 36  41 51 64 150  2.4  0.63  0.7  4.45  128 128 128  0 0 0  0.65  1  0.77  0.62  1  1.28  15  348.75  19.88  256  0  0  1.16  3.94  3.95  3.05  0  0  0.643  0.22 0.22 0.22  1 0.561 0.059  0 0 0  0.361 0.31 0.31  1  11.205  0  -1  -1  0.31 0.306 0.306  0.368  0.998  1.07  0.132  -1 0.757  8  0.667  1.7  -1  0.088  1.513  0.124  0.89  1.265  0.259 0.259 0.259  0.14  0.239 0.196 0.196  0.164  8  0.359  0.174  0.256  0 0 0  0  4  -1  -1  0  0  1000  -1  -1  0.1  0.25  3.15  0.8  1  1  1  0.9  2  1  1

//SUNNY_WINDY
//Midnight
30 183 217  30 183 217  0 105 217  -1  0  120  5 255 168  0 0 0  -1  -1  -1  -1  0.6  1500  50  35 9 10  26 30 36  99 99 99 240  3.21  0.21  0.72  2.12  119 140 144  0 0 0  0.28  1  1  1  1  1.17  15.96  127.74  19.86  255.58  0  0  2.3  3.99  3.99  1.75  0  -1  0.8  0.267 0.384 0.502  0.812 0.906 1  1 0.894 0.698  0.361 0.31 0.31  1  6.613  0.215  -1  -1  0.478 0.478 0.478  0.795  0.998  0  0.132  -1 0.757  8  0.667  1.7  -1  0.088  0.4  0.124  0.89  1.265  0.8 0.8 0.8  0  0.831 0.831 0.831  1  6  0.363  0  0.045  25.75 25 26  0.199  0.096  -1  -1  0  0  1000  -1  -1  0  0.775  3.625  0.75  1  1  1  0.825  2  1  1
//5AM
30 183 217  30 183 217  0 105 217  -1  0  120  5 255 168  0 0 0  -1  -1  -1  -1  0.6  1500  50  35 9 10  26 30 36  92 92 92 240  3.21  0.21  0.72  2.12  119 140 144  0 0 0  0.28  1  1  1  1  1.17  15.96  127.74  19.86  255.58  0  0  2.3  3.99  3.99  1.75  0  -1  0.8  0.267 0.384 0.502  0.812 0.906 1  1 0.894 0.698  0.361 0.31 0.31  1  6.613  0.215  -1  -1  0.478 0.478 0.478  0.795  0.998  0  0.132  -1 0.757  8  0.667  1.7  -1  0.088  0.4  0.124  0.89  1.265  0.8 0.8 0.8  0  0.831 0.831 0.831  1  6  0.363  0  0.045  25.75 25 26  0.199  0.096  -1  -1  0  0  1000  -1  -1  0  0.7  3.7  0.8  1  1  1  0.825  2  1  1
//6AM
255 227 166  250 136 42  255 189 42  -1  0  24  191 200 160  255 255 255  -1  -1  -1  -1  1  1500  73  119 120 120  105 105 105  31 31 31 239  0.19  0  0.5  1.45  108 120 99  0 0 0  0.31  1  0.81  0.82  1  1.18  16  128  1.46  256  0.17  77  20.75  5  5  8.25  13  10  0.4  0.678 0.839 1  0.871 0.486 0.486  1 0.894 0.698  1 0.882 0.588  1  1.86  0.203  -1  -1  0.478 0.478 0.478  0.396  1.296  0.252  0.132  -1 0.757  8  0.667  1.7  -1  0.088  0.4  0.124  0.89  1.265  0.8 0.8 0.8  0.14  0.953 0.761 0.761  0.164  8  0  0.685  0  24 25 26  0  0  -1  -1  0  0  1000  -1  -1  0.225  1  1.05  1.05  1  1  1  0.75  2  1  1
//7AM
255 227 166  250 136 42  255 179 42  -1  0  24  255 140 140  255 255 255  -1  -1  -1  -1  1  1500  73  119 120 120  105 105 105  8 8 8 239  0.19  0  0.5  3.78  122 110 94  0 0 0  0.41  1  0.76  0.82  1  1.18  16  128  1.46  256  0.17  77  20.75  4  4  11.5  13  10  0.4  0.678 0.839 1  0.871 0.486 0.486  1 0.894 0.698  1 0.882 0.588  1  1.86  0.203  -1  -1  0.478 0.478 0.478  0.396  1.296  0.252  0.132  -1 0.757  8  0.667  1.7  -1  0.088  0.4  0.124  0.89  1.265  0.8 0.8 0.8  0.14  0.953 0.761 0.761  0.164  8  0  0.685  0  24 25 26  0  0  -1  -1  0  0  1000  -1  -1  0.225  1  1.05  0.85  1  1  1  0.775  2  1  1
//9AM
206 210 226  128 163 226  255 248 255  -1  0  0  155 209 255  255 255 255  -1  -1  -1  -1  1  1500  73  119 120 120  105 105 105  26 32 36 239  0.12  0  0.5  2.22  116 140 128  0 0 0  0.36  1  0.72  1  1  1.13  16  128  1.46  256  0.08  77  11  7.44  10.25  14.5  1  0  0.46  0.678 0.839 1  0.812 0.906 1  1 0.894 0.698  0.361 0.31 0.31  1  6.613  0.215  -1  -1  0.478 0.478 0.478  0.368  0.998  0  0.132  -1 0.757  8  0.667  1.7  -1  0.088  0.4  0.124  0.89  1.265  0.8 0.8 0.8  0.14  0.953 0.761 0.761  0.164  8  0  0.685  0  24 25 26  0  0  -1  -1  0  0  1000  -1  -1  0.225  1  1  1.2  1  1  1  0.7  2  1  1
//Midday
250 253 255  117 172 255  146 186 224  -1  0  46  112 179 255  255 255 255  -1  -1  -1  -1  1  1500  73  119 120 120  105 105 105  0 40 60 239  0.2  0.22  0.5  4.55  138 131 106  0 0 0  0.45  1  0.82  1  1  0.85  16  128  1.46  256  0.18  77  12  4.25  10.25  10  13  0  0.382  0.678 0.839 1  0.812 0.906 1  1 0.894 0.698  0.361 0.31 0.31  1  6.613  0.215  -1  -1  0.478 0.478 0.478  0.368  0.998  0  0.132  -1 0.757  8  0.667  1.7  -1  0.088  0.4  0.124  0.89  1.265  0.8 0.8 0.8  0.14  0.953 0.761 0.761  0.164  8  0  0.685  0  24 25 26  0  0  -1  -1  0  0  1000  -1  -1  0  1  1  0.75  1  1  1  0.75  2  1  1
//6PM
255 204 204  117 172 255  146 186 224  -1  0  46  112 179 255  255 255 255  -1  -1  -1  -1  1  1500  73  119 120 120  105 105 105  0 40 60 239  0.2  0.22  0.5  4.55  138 131 106  0 0 0  0.45  1  0.82  1  1  0.85  16  128  1.46  256  0.18  77  12  4.25  10.25  10  13  0  0.382  0.678 0.839 1  0.812 0.906 1  1 0.894 0.698  0.361 0.31 0.31  1  6.613  0.215  -1  -1  0.478 0.478 0.478  0.368  0.998  0  0.132  -1 0.757  8  0.667  1.7  -1  0.088  0.4  0.124  0.89  1.265  0.8 0.8 0.8  0.14  0.953 0.761 0.761  0.164  8  0  0.685  0  24 25 26  0  0  -1  -1  0  0  1000  -1  -1  0  0.875  1  0.8  1  1  1  0.75  2  1  1
//7PM
250 253 255  117 172 255  255 142 28  -1  0  0  155 209 255  255 255 255  -1  -1  -1  -1  1  1500  73  119 120 120  105 105 105  32 68 87 239  0.69  0.22  0.5  5.03  138 131 106  0 0 0  0.49  1  0.87  0.85  1  0.85  16  128  4.53  256  0.08  77  11.5  4.5  5.5  7  13  0  0.46  0.678 0.839 1  0.812 0.906 1  1 0.894 0.698  0.361 0.31 0.31  1  6.613  0.215  -1  -1  0.478 0.478 0.478  0.368  0.998  0  0.132  -1 0.757  8  0.667  1.7  -1  0.088  0.4  0.124  0.89  1.265  0.8 0.8 0.8  0.14  0.953 0.761 0.761  0.164  8  0  0.685  0  24 25 26  0  0  -1  -1  0  0  1000  -1  -1  0  0.625  1  0.6  1  1  1  0.725  2  1  1
//8PM
118 137 255  255 193 117  250 125 117  -1  0  1  107 107 107  255 45 0  -1  -1  -1  -1  1  1500  9  62 120 141  104 198 255  35 37 41 238  3.7  0.6  0.57  6.65  133 96 66  0 0 0  0.25  1  0.74  0.67  1  1  8  64  18.73  256  0.1  0  2.75  4.5  2.5  4.5  18  12  0.46  0.678 0.839 1  0.812 0.906 1  1 0.894 0.698  0.361 0.31 0.31  1  11  0.215  -1  -1  0.478 0.478 0.478  0.368  0.998  0  0.132  -1 0.757  8  0.667  1.7  -1  0.088  0.4  0.124  0.89  1.265  0.8 0.8 0.8  0.14  0.91 0.773 0.773  0.159  1.7  0.179  0.133  0  24 25 26  0  0  -1  -1  0.04  0  1000  -1  -1  0.175  0.7  1.825  0.5  1  1  1  0.8  2  1  1
//9PM
118 137 255  255 193 117  250 125 117  -1  0  0  139 111 129  255 45 0  -1  -1  -1  -1  1  1500  9  62 120 141  104 198 255  16 23 38 238  3.7  0.6  0.57  6.65  133 96 66  0 0 0  0.25  1  0.74  0.67  1  1  8  64  18.73  256  0.1  0  2.75  4.5  2.5  4.5  18  12  0.46  0.678 0.839 1  0.812 0.906 1  1 0.894 0.698  0.361 0.31 0.31  1  11  0.215  -1  -1  0.478 0.478 0.478  0.368  0.998  0  0.132  -1 0.757  8  0.667  1.7  -1  0.088  0.4  0.124  0.89  1.265  0.8 0.8 0.8  0.14  0.91 0.773 0.773  0.159  1.7  0.179  0.133  0  24 25 26  0  0  -1  -1  0.04  0  1000  -1  -1  0.125  0.75  2  0.5  1  1  1  0.8  2  1  1
//10PM
30 183 217  30 183 217  222 255 125  -1  0  120  5 151 255  0 0 0  -1  -1  -1  -1  0.6  1500  50  35 9 10  26 30 36  78 108 138 240  3.21  0.21  0.72  3.27  119 140 144  0 0 0  0.37  1  1  1  1  1.14  15.96  127.74  19.86  255.58  0  0  2.5  3.99  3.99  1.75  0  0  0.9  0.267 0.384 0.502  0.812 0.906 1  1 0.894 0.698  0.361 0.31 0.31  1  6.613  0.215  -1  -1  0.478 0.478 0.478  0.795  0.998  0  0.132  -1 0.757  8  0.667  1.7  -1  0.088  0.4  0.124  0.89  1.265  0.8 0.8 0.8  0  0.831 0.831 0.831  1  6  0.363  0  0  25.75 25 26  0  0  -1  -1  0  0  1000  -1  -1  0  0.575  4.017  0.65  1  1  1  0.925  2  1  1

//CLOUDY
//Midnight
30 183 217  30 183 217  219 219 217  -1  0  179  0 225 255  0 0 0  -1  -1  -1  -1  0.7  1500  50  35 9 10  26 30 36  5 10 15 240  1.96  0.09  0.63  2.97  155 181 186  0 0 0  0.43  1  0.8  0.62  1  1.25  16  128  19.88  256  0  0  1.5  1.75  2.25  1.5  0  0  0.425  0.149 0.886 1  0.812 0.906 1  1 0.894 0.698  0.361 0.31 0.31  1  6.613  0.215  -1  -1  0.478 0.478 0.478  0.368  0.998  0  0.132  -1 0.757  8  0.677  0.79  -1  0.088  0.4  0.124  0.89  1.265  0.8 0.8 0.8  0  0.522 0.514 0.482  0.554  6  0.363  0  0  25.75 25 26  0  0  -1  -1  0  0  1000  -1  -1  0  0.45  4  0.85  1  1  1  0.95  1  1  1
//5AM
90 166 198  90 166 198  0 0 0  -1  0  179  0 225 255  0 0 0  -1  -1  -1  -1  0.7  1500  50  35 9 10  26 30 36  5 10 15 240  1.96  0.09  0.63  2.97  155 181 186  0 0 0  0.43  1  0.8  0.62  1  1.25  16  128  19.88  256  0  0  0  2.88  3.13  1.5  0  0  0.425  0.149 0.886 1  0.812 0.906 1  1 0.894 0.698  0.361 0.31 0.31  1  6.613  0.215  -1  -1  0.478 0.478 0.478  0.368  0.998  0  0.132  -1 0.757  8  0.677  0.79  -1  0.088  0.4  0.124  0.89  1.265  0.8 0.8 0.8  0  0.522 0.514 0.482  0.554  6  0.363  0  0  25.75 25 26  0  0  -1  -1  0  0.11  1000  -1  -1  0  0.45  4.05  0.8  1  1  1  0.95  1  1  1
//6AM
250 253 255  117 172 255  255 255 255  -1  0  0  155 209 255  255 255 255  -1  -1  -1  -1  1  1500  73  119 120 120  105 105 105  13 11 9 239  0.15  0.22  0.58  5.05  78 100 105  0 0 0  0.27  1  0.74  1  1  0.95  16  128  1.46  256  0.18  77  12  5  8  11.75  4  0  0.425  0.71 0.816 0.902  0.812 0.906 1  1 0.894 0.698  0.361 0.31 0.31  1  6.675  0  -1  -1  0.478 0.478 0.478  0.268  0.91  0  0.132  -1 0.488  8  0.667  0.688  -1  0.126  0.12  0.696  0.993  1.265  0.361 0.361 0.361  0.102  0.482 0.545 0.588  0  6  0  0.685  0  24 25 26  0  0  -1  -1  0  0.086  157.25  -1  -1  0.075  0.8  1.825  0.9  1  1  1  0.675  2  1  1
//7AM
217 185 117  117 172 255  255 255 255  -1  0  35  47 142 250  255 255 255  -1  -1  -1  -1  1  1500  73  119 120 120  105 105 105  26 26 26 239  0.14  0.29  0.58  4.9  98 108 110  0 0 0  0.3  1  0.73  1  1  0.85  16  128  1.24  256  0.18  77  10  6  6.5  14.5  3.5  0  0.425  0.8 0.8 0.8  0.412 0.118 0.118  1 0.894 0.698  0.29 0.208 0.145  1  6.09  0.13  -1  -1  0.38 0.373 0.373  0.268  0.91  0  0.132  -1 0.488  8  0.667  0.688  -1  0.026  0.12  0.696  0.993  1.265  0.361 0.361 0.361  0.102  0.741 0.655 0.6  0  6  0  0.685  0  24 25 26  0  0  -1  -1  0  0.026  555  -1  -1  0  0.875  1  0.95  1  1  1  0.525  2  1  1
//9AM
121 199 191  240 237 209  255 223 194  -1  0  44  51 150 255  255 255 255  -1  -1  -1  -1  1  1500  147.1  119 120 120  105 105 105  0 0 0 239  0.2  0  0.61  2.87  107 124 128  0 0 0  0.25  1  0.85  1  1  1.18  15.94  127.65  1.47  255.43  0.1  77  10.25  4  4  8  1.5  9  0.458  0.765 0.847 0.902  0.949 0.969 1  1 0.894 0.698  0.361 0.31 0.31  1  1.95  0.361  -1  -1  0.561 0.514 0.471  0.396  1.434  0.285  0.132  -1 1  6.272  0.548  0.51  -1  0.373  0.4  0.124  0.89  1.265  0.89 0.89 0.89  0.14  0.941 0.82 0.706  1  8  0  0.685  0  24 25 26  0  0  -1  -1  0  0  1000  -1  -1  0.3  1  1.5  0.5  1  1  1  0.725  2  1  1
//Midday
121 199 191  240 237 209  255 223 194  -1  0  44  51 150 255  255 255 255  -1  -1  -1  -1  1  1500  147.1  119 120 120  105 105 105  0 0 0 239  0.2  0  0.61  2.87  107 124 128  0 0 0  0.25  1  0.85  1  1  1.18  15.94  127.65  1.47  255.43  0.1  77  10.25  4  4  8  1.5  9  0.458  0.765 0.847 0.902  0.949 0.969 1  1 0.894 0.698  0.361 0.31 0.31  1  1.95  0.361  -1  -1  0.561 0.514 0.471  0.396  1.434  0.285  0.132  -1 1  6.272  0.548  0.51  -1  0.373  0.4  0.124  0.89  1.265  0.89 0.89 0.89  0.14  0.941 0.82 0.706  1  8  0  0.685  0  24 25 26  0  0  -1  -1  0  0  1000  -1  -1  0.3  1  1.5  0.6  1  1  1  0.725  2  1  1
//6PM
121 199 191  240 237 209  255 223 194  -1  0  44  51 150 255  255 255 255  -1  -1  -1  -1  1  1500  147.1  119 120 120  105 105 105  0 0 0 239  0.2  0  0.61  2.87  107 126 128  0 0 0  0.25  1  0.85  1  1  1.18  15.94  127.65  1.47  255.43  0.1  77  10.25  4  4  8  1.5  9  0.458  0.765 0.847 0.902  0.949 0.969 1  1 0.894 0.698  0.361 0.31 0.31  1  1.95  0.361  -1  -1  0.561 0.514 0.471  0.396  1.434  0.285  0.132  -1 1  6.272  0.548  0.51  -1  0.373  0.4  0.124  0.89  1.265  0.89 0.89 0.89  0.14  0.941 0.82 0.706  1  8  0  0.685  0  24 25 26  0  0  -1  -1  0  0  1000  -1  -1  0.3  1  1.5  0.65  1  1  1  0.725  2  1  1
//7PM
250 253 255  117 172 255  255 255 255  -1  0  0  155 209 255  255 255 255  -1  -1  -1  -1  1  1500  73  119 120 120  105 105 105  66 66 66 239  0.11  0.22  0.58  4.78  138 124 98  0 0 0  0.27  1  0.88  1  1  0.84  16  128  1.46  256  0.18  77  15.5  11  11.25  12.25  13  0  0.425  0.71 0.816 0.902  0.812 0.906 1  1 0.894 0.698  0.361 0.31 0.31  1  6.675  0  -1  -1  0.478 0.478 0.478  0.268  0.91  0  0.132  -1 0.488  8  0.667  0.688  -1  0.026  0.12  0.696  0.993  1.265  0.361 0.361 0.361  0.102  0.569 0.569 0.569  0  6  0  0.685  0  24 25 26  0  0  -1  -1  0  0  555  -1  -1  0  0.675  1  1  1  1  1  0.7  2  1  1
//8PM
99 172 255  255 202 10  52 111 247  -1  0  77  0 106 245  255 255 255  -1  -1  -1  -1  1  1500  73  119 120 120  105 105 105  84 84 84 239  0.19  0.22  0.5  3.63  98 108 110  173 222 255  0.34  1  0.94  1  1  1.31  128  255  1.46  256  0.18  77  6  11.25  11  4.25  13  0  0.425  0.647 0.792 0.91  0.812 0.906 1  1 0.894 0.698  0.361 0.31 0.31  1  5.94  0.183  -1  -1  0.478 0.478 0.478  0.268  0.91  0  0.132  -1 0.488  8  0.667  0.688  -1  0.026  0.12  0.696  0.993  1.265  0.361 0.361 0.361  0.102  0.569 0.569 0.569  0  6  0  0.685  0  24 25 26  0  0  -1  -1  0  0  555  -1  -1  0  0.45  2.35  0.95  1  1  0.925  1  2  1  1
//9PM
99 172 255  255 202 10  52 111 247  -1  0  77  0 106 245  255 255 255  -1  -1  -1  -1  1  1500  73  119 120 120  105 105 105  84 84 84 239  0.19  0.22  0.5  3.63  98 108 110  173 222 255  0.34  1  0.94  1  1  1.31  128  255  1.46  256  0.18  77  6  11.25  11  4.25  13  0  0.425  0.647 0.792 0.91  0.812 0.906 1  1 0.894 0.698  0.361 0.31 0.31  1  5.94  0.183  -1  -1  0.478 0.478 0.478  0.268  0.91  0  0.132  -1 0.488  8  0.667  0.688  -1  0.026  0.12  0.696  0.993  1.265  0.361 0.361 0.361  0.102  0.569 0.569 0.569  0  6  0  0.685  0  24 25 26  0  0  -1  -1  0  0  555  -1  -1  0  0.45  2.35  0.95  1  1  0.925  1  2  1  1
//10PM
30 183 217  30 183 217  219 219 217  -1  0  179  0 225 255  0 0 0  -1  -1  -1  -1  0.7  1500  50  35 9 10  26 30 36  5 10 15 240  1.96  0.09  0.63  0.63  155 181 186  0 0 0  0.43  1  0.8  0.62  1  1.66  16  128  19.88  256  0  0  1.5  1.75  2.25  1.5  0  0  0.225  0.149 0.886 1  0.812 0.906 1  1 0.894 0.698  0.361 0.31 0.31  1  6.613  0.215  -1  -1  0.478 0.478 0.478  0.368  0.998  0  0.132  -1 0.757  8  0.667  0.79  -1  0.088  0.4  0.124  0.89  1.265  0.8 0.8 0.8  0  0.522 0.514 0.482  0.554  6  0.363  0  0  25.75 25 26  0  0  -1  -1  0  0  1000  -1  -1  0  0.45  3  0.85  1  1  1  0.95  2  1  1

//RAIN//RAIN
//Midnight
157 147 160  167 162 169  146 146 146  -1  0  165  255 255 255  255 255 255  -1  -1  -1  -1  1.1  1500  80  119 120 120  105 105 105  76 76 76 125  0.256  0.355  0.61  2.3  112 117 120  0 0 0  0.76  1  1.005  0.84  1  0.9  16  128  1.665  256  0.155  77  1.02  8.905  2.305  4.5  0  -19  0.5  0.647733 0.66658 0.685432  0.871 0.486 0.486  1 0.894 0.698  0.361 0.31 0.31  1  1.298  0.155  -1  -1  0.2 0.2 0.2  0.27  0  0  0.575  -1 0.9  1.495  1.17549e-38  1.345  -1  1.45  0.37  0  0.75  0.73  0 0 0  0.925  0.89 0.827 0.8  1  5  0  0.685  0  24 25 26  0  0  -1  -1  0  0.419  140  -1  -1  0  0.684  2.375  0.8  2  1  1  0.4  2  1  1
//5AM
157 147 160  167 162 169  0 0 0  -1  0  120  233 253 255  255 255 255  -1  -1  -1  -1  1  1500  73  119 120 120  105 105 105  76 76 76 125  0.17  0.06  0.53  2.3  111 116 120  0 0 0  0.87  1  0.935  0.73  1  0.98  16  128  1.46  256  0.11  77  0  9.785  5.28  6.77  13  -25  0.52  0.525426 0.539252 0.55308  0.871 0.622765 0.622765  1 0.894 0.698  0.372287 0.371174 0.371174  1  5.1  0.09  -1  -1  0.196 0.196 0.196  0.045  1.138  0  0.132  -1 0.757  8  0.13  0.19  -1  0.354  0.4  1.112  0.842  1.265  0 0 0  0.925  0.631 0.586334 0.567191  0.2  5  0  0.685  0  24 25 26  0  0  -1  -1  0  0.419  130.75  -1  -1  0  0.24  2.625  0.9  1  1  1  0.75  2  1  1
//6AM
198 213 255  222 240 252  0 0 0  -1  0  94  188 194 211  255 255 255  -1  -1  -1  -1  1.6  1500  72.46  119 120 120  105 105 105  6 22 23 126  0.152  0.06  0.615  2.1  128 128 128  0 0 0  0.62  1  0.945  0.815  1  0.85  18.5  128  1.59  256  0  77  0.001  8.15  2.45  9.2  0  -7  0.505  0.523 0.523 0.523  0.803922 0.803922 0.803922  0.583333 0.583333 0.583333  0.183806 0.183267 0.184  1  1.25  0.13  -1  -1  0.228 0.224424 0.224424  0.085  0.875  0.05  0.132  -1 0.435  8  0.155  0.335  -1  0.8  0.305  1.108  0.843  1.265  0.052 0.052 0.052  0.91  0.5 0.5 0.5  0.1  5.05  0  0.685  0  24 25 26  0  0  -1  -1  0  0.412  145.238  -1  -1  0.1576  0.5576  2.025  0.9  1  1  1  0.75  2  1  1
//7AM
222 231 255  234 242 255  24 24 24  -1  0  106  223 231 255  255 255 255  -1  -1  -1  -1  1.5  1500  101.5  119 120 120  105 105 105  20 20 20 239  0.155  0.18  0.5  3.05  128 128 128  0 0 0  0.72  1  0.915  1  1  0.85  16  128  1.46  256  0.08  77  0.001  7.19  5.3  13  0  -5  0.505  0.5209 0.549074 0.573047  0.812 0.906 1  1 0.894 0.698  0.455882 0.455882 0.455882  1  6.613  0.215  -1  -1  0.186275 0.186275 0.186275  0.035  0.97  0  0  -1 0  1.5  1.17549e-38  0.585  -1  0.45  0  1.585  0  0.925  0.8 0.8 0.8  0  0.497 0.496503 0.496503  0  8  0  0.685  0  24 25 26  0  0  -1  -1  0  0  1000  -1  -1  0  0.8  1.95  1.3  1  1  1  0.725  2  1  1
//9AM
255 242 254  246 233 255  60 60 60  -1  0  114  255 243 253  255 255 255  -1  -1  -1  -1  0.6  1500  131.33  58 72 40  199 230 196  0 0 0 240  0.16  0.145  0.54  1.645  147 142 146  0 0 0  0.675  1  0.905  0.725  3.25  0.815  85.6  127.6  1.04  255.36  0.08  217  0  7.35  2.665  5.06  0  -3  0.501  0.75 0.75 0.75  0.784 0.827 0.871  0.722 0.784 0.851  0.685317 0.72982 0.746  1  0.99  0.325  -1  -1  0.359 0.359 0.359  0.095  0.87  0.075  0  -1 0.065  9  1.17549e-38  0.09  -1  0.75  0.7  0  0.68  0.21  0.714 0.714 0.714  0.192  0.797 0.778692 0.740413  0  5  0  0.685  0  24 25 26  0  0  -1  -1  0  0  1000  -1  -1  0.068  0.616  1.425  1  1  1  1  0.75  2  1  1
//Midday
235 248 255  193 232 255  0 0 0  -1  0  145  207 213 217  255 255 255  -1  -1  -1  -1  1.2  1500  71.33  58 72 40  199 230 196  0 0 0 240  0.163  0.1  0.605  2.29  128 128 128  0 0 0  0.705  1  0.95  0.81  1  1.13  15.93  127.6  2.135  255  0.245  217  0.001  23.36  3.7  10.19  0  -6  0.51  1.5995 1.69551 1.77131  0.852383 0.902865 0.954516  0.869666 0.916109 0.966295  0.604832 0.838047 0.922  1  10.99  0.07  -1  -1  0.430466 0.470571 0.480968  0  0.865  0.015  0.08  -1 0.52  32  1.17549e-38  0.495  -1  0.354  0.35  0.045  0  1.52  0.769 0.769 0.769  0.192  0.757049 0.767218 0.770925  0.148  5  0  0.685  0  24 25 26  0  0  -1  -1  0.001  0  161  -1  -1  0.16  0.515  2.15  0.8  1  1  1  0.75  2  1  1
//6PM
209 196 222  220 222 255  0 0 0  -1  0  135  255 255 255  255 255 255  -1  -1  -1  -1  2  1500  100.83  58 72 40  199 230 196  0 0 0 240  0.15  0  0.5  0.5  147 150 152  0 0 0  0.49  1  0.865  1  1  0.93  15.93  127.6  1.48  255.36  0.08  217  0.001  9.095  4.78  9.3  0  -11  0.47  0.812 0.812 0.812  0.784 0.827 0.871  0.722 0.784 0.851  0.922 0.847 0.917588  1  10.99  0.055  -1  -1  0.361 0.361 0.361  0.06  0.793  0.195  0.132  -1 0.175  8  1.17549e-38  1.495  -1  0.354  0.4  0.124  0  1.265  0.769 0.769 0.769  0.192  0.631 0.62 0.616  0  5  0  0.685  0  24 25 26  0  0  -1  -1  0  0  1000  -1  -1  0.22  0.8  2.1  0.9  1  1  1  0.75  2  1  1
//7PM
229 236 255  217 227 255  0 0 0  -1  0  149  222 236 245  255 255 255  -1  -1  -1  -1  1.5  1500  59  119 120 120  105 105 105  7 22 23 125  0.17  0  0.56  2.88  120 120 120  0 0 0  0.535  1  0.96  0.82  1  0.985  16  128  1.46  256  0.11  77  0.001  7.82  4.4  6.935  0  -6  0.51  1.66214 1.61784 1.712  1.12175 1.00131 1.19631  1 0.894 0.698  0.361 0.31 0.31  1  1.298  0.155  -1  -1  0.616127 0.59424 0.619  0.27  0.26  0.04  0  -1 0.045  0.41  0.09  0.565  -1  0.354  0.4  1.112  0  0.965  0 0 0  0.925  0.898031 0.851861 0.815412  0.164  5  0  0.685  0  24 25 26  0  0  -1  -1  0  0.419  130.75  -1  -1  0.16  0.45  1.775  0.85  1  0.765  1  0.75  2  1  1
//8PM
234 247 255  212 229 255  0 0 0  -1  0  103  238 246 255  255 255 255  -1  -1  -1  -1  2.1  1500  73  119 120 120  105 105 105  25 32 36 239  0.11  0.11  0.525  1.39  130 128 123  0 0 0  0.665  1  0.805  1  1  1.13  16  128  1.46  256  0.08  77  0.001  8.75  5.55  8.2  13  -4  0.515  0.902 0.929 0.961  0.812 0.906 1  1 0.894 0.698  0.361 0.31 0.31  1  6.613  0.215  -1  -1  0.478 0.478 0.478  0.085  0.998  0.09  0.132  -1 0.13  8  1.17549e-38  0.925  -1  0.088  0.4  0.124  0  1.265  0.8 0.8 0.8  0.14  0.749 0.749 0.749  0.164  8  0  0.685  0  24 25 26  0  0  -1  -1  0  0  1000  -1  -1  0.36  0.8  1.575  1.5  1  1  1  0.701  2  1  1
//9PM
187 189 200  192 206 217  0 0 0  -1  0  106  164 180 189  255 255 255  -1  -1  -1  -1  0.8  1500  64.88  58 72 40  199 230 196  15 25 31 240  0.24  0.2  0.5  4.03  125 128 128  0 0 0  0.65  1  0.78  0.32  1  0.93  15.93  127.58  1.48  255.32  0.08  217  0.001  4.285  2.7  4.4  0  5  0.505  0.812 0.812 0.812  0.784 0.827 0.871  0.722 0.784 0.851  0.847 0.902 0.922  1  10.99  0.055  -1  -1  0.243 0.243 0.243  0  0.795  0  0.05  -1 0.11  8  0.667  0.68  -1  0.354  0.4  0.124  0  1.265  0.769 0.769 0.769  0.192  0.62 0.62 0.62  0  5  0  0.685  0  24 25 26  0  0  -1  -1  0  0  1000  -1  -1  0.22  0.8  2.125  0.75  2  0.999  1  1  2  1  1
//10PM
200 200 200  217 217 217  0 0 0  -1  0  159  230 246 255  255 255 255  -1  -1  -1  -1  0.8  1500  81.38  58 72 40  199 230 196  15 25 31 240  0.24  0.2  0.5  4.03  125 128 128  0 0 0  0.65  1  0.8  0.32  1  0.93  15.93  127.58  1.48  255.32  0.08  217  0  5.135  3.3  4.055  0  5  0.52  0.812 0.812 0.812  0.784 0.827 0.871  0.722 0.784 0.851  0.847 0.902 0.922  1  10.99  0.055  -1  -1  0.243 0.243 0.243  0  0.795  0  0.05  -1 0.11  8  0.667  0.68  -1  0.354  0.4  0.124  0  1.265  0.769 0.769 0.769  0.192  0.62 0.62 0.62  0  5  0  0.685  0  24 25 26  0  0  -1  -1  0  0  1000  -1  -1  0.22  0.8  2.125  0.75  2  1  1  1  2  1  1

//DRIZZLE
//Midnight
206 220 255  186 228 253  0 0 0  -1  0  134  202 236 255  255 255 255  -1  -1  -1  -1  1  1500  100.88  58 72 40  199 230 196  0 40 60 240  0.178  0.2  0.5  4.03  129 140 144  0 0 0  0.65  1  0.78  0.58  1  1.085  15.93  127.58  1.48  255.32  0.08  217  0.945  4.355  2.235  3.53  0  -3  1  0.812 0.812 0.812  0.784 0.827 0.871  0.722 0.784 0.851  0.847 0.902 0.922  1  10.99  0.055  -1  -1  0.361 0.361 0.361  0.102  1.243  0  0.132  -1 0.757  8  0.667  1.7  -1  0.354  0.4  0.124  0.425  1.265  0.769 0.769 0.769  0.192  0.62 0.62 0.62  0  5  0  0.685  0  24 25 26  0  0  -1  -1  0  0  1000  -1  -1  0.22  0.8  2.2  0.85  1  0.999  1  1.565  1.1  1  1
//5AM
162 164 188  140 161 196  0 0 0  -1  0  136  118 163 189  255 255 255  -1  -1  -1  -1  1  1500  100.88  58 72 40  199 230 196  0 40 60 240  0.316  0.2  0.5  1.455  115 125 122  0 0 0  0.535  1  0.795  0.455  1  0.715  15.93  127.58  1.48  255.32  0.08  217  0  5.01  4.69  3.5  13  -1  0.14  0.812 0.812 0.812  0.784 0.827 0.871  0.722 0.784 0.851  0.847 0.902 0.922  1  10.99  0.055  -1  -1  0.361 0.361 0.361  0.102  1.243  0  0.132  -1 0.757  8  0.667  1.7  -1  0.354  0.4  0.124  0.425  1.265  0.769 0.769 0.769  0.192  0.62 0.62 0.62  0  5  0  0.685  0  24 25 26  0  0  -1  -1  0  0.101  1000  -1  -1  0.22  0.8  2.675  0.85  1  0.999  1  0.525  1.1  1  1
//6AM
194 185 176  214 214 214  0 0 0  -1  0  102  188 206 207  255 255 255  -1  -1  -1  -1  1  1500  64.5  58 72 40  199 230 196  0 40 60 240  0.15  0.16  0.5  2.68  127 137 140  0 0 0  0.8  1  0.805  0.745  1  1.01  16  128  1.46  256  0.08  217  0.025  7.1  3.215  4.63  0  -1  0.308  0.812 0.812 0.812  0.784 0.827 0.871  0.722 0.784 0.851  0.847 0.902 0.922  1  10.99  0.12  -1  -1  0.361 0.361 0.361  0.102  1.243  0  0.132  -1 0.757  8  0.667  1.7  -1  0.354  0.4  0.124  0.425  1.265  0.769 0.769 0.769  0.192  0.741 0.741 0.741  0  5  0  0.685  0  24 25 26  0  0  -1  -1  0  0.062  1000  -1  -1  0.22  0.8  1.575  1  1  1  1  0.925  2  1  1
//7AM
195 214 222  172 201 222  0 0 0  -1  0  80  245 253 255  255 255 255  -1  -1  -1  -1  1  1500  101.5  58 72 40  199 230 196  0 40 60 240  0.17  0.205  0.55  4.3  128 128 128  0 0 0  0.505  1  0.795  0.495  1  0.93  16  128  1.4  256  0.08  217  0.1  5.62  3.85  10  0  0  0.215  0.812 0.812 0.812  0.784 0.827 0.871  0.722 0.784 0.851  0.847 0.902 0.922  1  8.5  0.155  -1  -1  0.361 0.361 0.361  0.102  1.243  0.14  0.475  -1 1.512  52.5  0.09  0.1  -1  0.2  0.27  0.124  0.54  1.265  0.769 0.769 0.769  0.192  0.787 0.778344 0.760243  0  5  0  0.685  0  24 25 26  0  0  -1  -1  0  0.062  1000  -1  -1  0.22  0.8  1  1  1  0.99  1  0.415  2  1  1
//9AM
178 203 222  223 243 255  0 0 0  -1  0  69  218 232 240  255 255 255  -1  -1  -1  -1  1  1500  100  58 72 40  199 230 196  0 0 0 240  0.15  0.16  0.55  5.4  121 133 143  0 0 0  0.4  1  0.75  0.32  1  0.93  16  128  1.46  256  0.08  217  0.065  8.645  5  11  0  -1  0.198  0.92227 0.96026 0.973886  0.784 0.827 0.871  0.722 0.784 0.851  0.847 0.902 0.922  1  10.99  0.055  -1  -1  0.361 0.361 0.361  0  1.243  0  0.132  -1 0.757  8  0.667  0.3  -1  0.354  0.4  0.124  0.425  1.265  0.769 0.769 0.769  0.192  0.741 0.741 0.741  0  5  0  0.685  0  24 25 26  0  0  -1  -1  0.008  0.062  1000  -1  -1  0.2  0.58  1.65  0.8  1  1.005  1  0.925  2  1  1
//Midday
219 220 222  217 241 255  0 0 0  -1  0  78  196 237 255  255 255 255  -1  -1  -1  -1  1  1500  89.5  58 72 40  199 230 196  0 40 60 240  0.164  0.265  0.5  3.8  137 140 143  0 0 0  0.5  1  0.855  0.665  1  1  16  128  1.46  256  0.08  217  0.03  12.8  3.05  11  0  -3  0.17  0.812 0.812 0.812  0.784 0.827 0.871  0.722 0.784 0.851  0.847 0.902 0.922  1  10.99  0.055  -1  -1  0.361 0.361 0.361  0.102  1.243  0  0.132  -1 0.757  8  0.667  1.7  -1  0.354  0.4  0.124  0.425  1.265  0.769 0.769 0.769  0.192  0.741 0.741 0.741  0  5  0  0.685  0  24 25 26  0  0  -1  -1  0  0.062  1000  -1  -1  0.2  0.58  1  0.9  1  1  1  0.925  2  1  1
//6PM
247 254 255  168 223 255  0 0 0  -1  0  98  214 233 255  255 255 255  -1  -1  -1  -1  1  1500  100  58 72 40  199 230 196  0 40 60 240  0.184  0.415  0.5  5.345  140 140 140  0 0 0  0.5  1  0.755  0.915  1  0.94  16  128  1.45  256  1.545  217  0.135  7.725  3.935  11.715  0  -2  0.213  0.812 0.812 0.812  0.784 0.827 0.871  0.722 0.784 0.851  0.90049 0.937451 0.950887  1  2.55  0.14  -1  -1  0.361 0.361 0.361  0.07  0.92  0.07  0.132  -1 0.035  7.5  1.17549e-38  1.18  -1  0.15  0.4  0.124  0.425  1.265  0.777 0.777 0.777  0.192  0.835 0.835 0.835  0  5  0  0.685  0  24 25 26  0  0  -1  -1  0  0.062  1000  -1  -1  0.2  0.58  1  0.95  1  1.01  1  0.925  2  1  1
//7PM
186 196 222  229 236 255  0 0 0  -1  0  142  204 214 240  255 255 255  -1  -1  -1  -1  1.6  1500  100  58 72 40  199 230 196  0 40 60 240  0.169  0.24  0.525  4.8  155 155 155  0 0 0  0.455  1  1.005  0.73  1  0.93  16  128  1.46  256  0.08  217  0.005  11  3.395  7.25  0  0  0.208  0.812 0.812 0.812  0.784 0.827 0.871  0.722 0.784 0.851  0.84363 0.901104 0.922  1  10.99  0.055  -1  -1  0.361 0.361 0.361  0.152  1.008  0  0.132  -1 0.757  8  1.17549e-38  1.7  -1  0.354  0.4  0.124  0.385  1.265  0.769 0.769 0.769  0.192  0.741 0.741 0.741  0  5  0  0.685  0  24 25 26  0  0  -1  -1  0  0.062  1000  -1  -1  0.2  0.58  1  0.85  1  1  1  0.925  2  1  1
//8PM
152 153 183  146 154 186  0 0 0  -1  0  130  197 198 209  255 255 255  -1  -1  -1  -1  1.4  1500  122.33  58 72 40  199 230 196  0 40 60 240  0.18  0.225  0.565  5.41  130 130 130  0 0 0  0.69  1  0.745  0.32  1  1.01  15.93  127.6  1.48  255.36  0.08  217  0.08  4.09  3.62  5.19  0  5  0.202  0.831 0.831 0.831  0.784 0.827 0.871  0.722 0.784 0.851  0.847 0.902 0.922  1  10.99  0.055  -1  -1  0.361 0.361 0.361  0.075  1.243  0  0.132  -1 0.757  8  1.17549e-38  1.4  -1  0.354  0.4  0.124  0.155  1.265  0.769 0.769 0.769  0.192  0.651 0.612 0.604  0  5  0  0.685  0  24 25 26  0  0  -1  -1  0  0.055  1000  -1  -1  0.22  0.8  1.65  0.95  1  1  1  0.825  2  1  1
//9PM
167 172 200  130 175 217  0 0 0  -1  0  110  227 233 238  255 255 255  -1  -1  -1  -1  1  1500  100.83  58 72 40  199 230 196  0 40 60 240  0.154  0.2  0.6  5.41  147 147 147  0 0 0  0.585  1  0.735  0.63  1  0.93  15.93  127.6  1.48  255.36  0.08  217  0.055  6.225  2.3  3.49  13  5  0.157  0.831 0.831 0.831  0.784 0.827 0.871  0.722 0.784 0.851  0.847 0.902 0.922  1  10.99  0.055  -1  -1  0.361 0.361 0.361  0.102  1.243  0  0.132  -1 0.757  8  0.667  1.7  -1  0.354  0.4  0.124  0.425  1.265  0.769 0.769 0.769  0.192  0.749 0.592 0.557  0  5  0  0.685  0  24 25 26  0  0  -1  -1  0  0.055  1000  -1  -1  0.22  0.492  2.8  0.9  1  1  1  0.825  2  1  1
//10PM
187 189 200  197 208 217  0 0 0  -1  0  142  255 255 255  255 255 255  -1  -1  -1  -1  1  1500  100.83  58 72 40  199 230 196  0 40 60 240  0.155  0.23  0.57  4.75  128 128 128  0 0 0  0.5  1  0.74  0.9  1  0.915  15.93  127.6  1.265  255.36  0.08  217  0.07  5.775  2.2  3.49  13  5  0.512  0.831 0.831 0.831  0.784 0.827 0.871  0.722 0.784 0.851  0.847 0.902 0.922  1  10.99  0.055  -1  -1  0.361 0.361 0.361  0.102  1.243  0  0.132  -1 0.757  8  0.667  1.7  -1  0.354  0.4  0.124  0.425  1.265  0.769 0.769 0.769  0.192  0.749 0.592 0.557  0  5  0  0.685  0  24 25 26  0  0  -1  -1  0  0.055  1000  -1  -1  0.22  0.8  2.8  0.9  1  1  1  0.825  2  1  1

//FOGGY
//Midnight
167 221 237  252 251 241  222 222 222  -1  0  218  177 222 224  255 255 255  -1  -1  -1  -1  1.2  1500  79  119 120 120  105 105 105  36 49 56 239  0.23  0  0.65  2.18  96 111 120  0 0 0  0.55  1  0.85  1  1  2  16  128  1.46  256  0.08  77  1.3  2.53  2.24  2.5  13  -8  0.527  0.678 0.839 1  0.812 0.906 1  1 0.894 0.698  0.361 0.31 0.31  1  6.613  0.215  -1  -1  0.478 0.478 0.478  0.368  0  0  0.132  -1 0.488  8  0.667  0.365  -1  0.026  0.4  0.846  0  1.265  0.8 0.8 0.8  0  0.569 0.569 0.569  0  6  0  0.685  0  24 25 26  0  0  -1  -1  0  0.123  1000  -1  -1  0.4  1  1.9  0.8  2  1  1  0.9  0.2  2  1
//5AM
167 221 237  252 251 241  222 222 222  -1  0  218  177 222 224  255 255 255  -1  -1  -1  -1  1.2  1500  79  119 120 120  105 105 105  0 40 60 239  0.23  0  0.65  2.18  96 111 120  0 0 0  0.55  1  0.85  1  1  2  16  128  1.46  256  0.08  77  1.3  2.53  2.24  2.5  13  -8  0.527  0.678 0.839 0.608  0.812 0.906 1  1 0.894 0.698  0.361 0.31 0.31  1  6.613  0.215  -1  -1  0.478 0.478 0.478  0.368  0  0  0.132  -1 0.488  8  0.667  0.365  -1  0.026  0.4  0.846  0  1.265  0.8 0.8 0.8  0  0.569 0.569 0.569  0  6  0  0.685  0  24 25 26  0  0  -1  -1  0  0.148  1000  -1  -1  0.4  1  2.4  0.75  2  1  1  0.9  0.2  2  1
//6AM
167 221 237  252 251 241  222 222 222  -1  0  218  177 222 224  255 255 255  -1  -1  -1  -1  1.5  1500  79  119 120 120  105 105 105  31 31 31 239  0.23  0  0.65  2.18  96 111 120  0 0 0  0.55  1  0.85  1  1  1.49  16  128  1.46  256  0.08  77  1.3  2.53  2.24  2.5  13  -8  0.527  0.678 0.839 1  0.812 0.906 1  1 0.894 0.698  0.361 0.31 0.31  1  6.613  0.215  -1  -1  0.478 0.478 0.478  0.368  0  0  0.132  -1 0.488  8  0.667  0.365  -1  0.026  0.4  0.846  0  1.265  0.8 0.8 0.8  0  0.569 0.569 0.569  0  6  0  0.685  0  24 25 26  0  0  -1  -1  0  0.149  1000  -1  -1  0.4  1  2.35  0.85  2  1  1  0.9  0.2  2  1
//7AM
166 230 255  255 232 117  254 255 242  -1  0  161  107 145 150  255 255 255  -1  -1  -1  -1  2.4  1500  73  119 120 120  105 105 105  0 40 60 239  0.1  0  0.61  2.88  109 121 122  0 0 0  0.36  1  0.76  1  1  0.85  16  128  1.46  256  0.08  77  15  9.5  8.5  14.5  13  -10  0.5  0.678 0.839 1  0.871 0.486 0.486  1 0.894 0.698  0.361 0.31 0.31  1  1.86  0.203  -1  -1  0.478 0.478 0.478  0.396  0  0  0.132  -1 0.757  8  0.667  1.7  -1  0.088  0.4  0.124  0  1.265  0.8 0.8 0.8  0.14  0.953 0.761 0.761  0.164  5  0  0.685  0  24 25 26  0  0  -1  -1  0  0.101  25  -1  -1  0.3  1  1  1.2  2  1  1  0  2  1  1
//9AM
166 230 255  255 255 252  255 255 255  -1  0  196  117 128 143  255 255 255  -1  -1  -1  -1  2.4  1500  73  119 120 120  105 105 105  0 40 60 239  0.14  0  0.61  2.88  117 117 117  0 0 0  0.38  1  1.25  1  1  0.6  16  128  1.46  256  0.08  77  6.25  9.5  8.5  19.5  4.5  -10  0.5  0.678 0.839 1  0.871 0.486 0.486  1 0.894 0.698  0.361 0.31 0.31  1  1.86  0.203  -1  -1  0.478 0.478 0.478  0.396  0  0  0.132  -1 0.757  8  0.667  1.7  -1  0.088  0.4  0.124  0  1.265  0.8 0.8 0.8  0.14  0.953 0.761 0.761  0.164  5  0  0.685  0  24 25 26  0  0  -1  -1  0  0.119  25  -1  -1  0.3  1  1  1.05  2  1  1  0  2  1  1
//Midday
166 230 255  255 255 252  255 255 255  -1  0  196  117 128 143  255 255 255  -1  -1  -1  -1  2.4  1500  73  119 120 120  105 105 105  0 40 60 239  0.14  0  0.61  2.88  117 117 117  0 0 0  0.38  1  1.13  1  1  0.6  16  128  1.46  256  0.08  77  6.25  9.5  8.5  19.5  4.5  -10  0.5  0.678 0.839 1  0.871 0.486 0.486  1 0.894 0.698  0.361 0.31 0.31  1  1.86  0.203  -1  -1  0.478 0.478 0.478  0.396  0  0  0.132  -1 0.757  8  0.667  1.7  -1  0.088  0.4  0.124  0  1.265  0.8 0.8 0.8  0.14  0.953 0.761 0.761  0.164  5  0  0.685  0  24 25 26  0  0  -1  -1  0  0.119  25  -1  -1  0.3  1  1  1  2  1  1  0  2  1  1
//6PM
166 230 255  255 232 117  255 238 117  -1  0  161  0 110 255  255 255 255  -1  -1  -1  -1  1  1500  73  119 120 120  105 105 105  0 40 60 239  0.14  0  0.61  2.88  109 122 122  0 0 0  0.16  1  1  0  1  0.85  16  128  1.46  256  0.08  77  20.75  9.5  8.5  14.5  13  -10  0.5  0.678 0.839 1  0.871 0.486 0.486  1 0.894 0.698  0.361 0.31 0.31  1  1.86  0.203  -1  -1  0.478 0.478 0.478  0.396  0  0  0.132  -1 0.757  8  0.667  1.7  -1  0.088  0.4  0.124  0  1.265  0.8 0.8 0.8  0.14  0.953 0.761 0.761  0.164  6  0  0.685  0  24 25 26  0  0  -1  -1  0  0.02  25  -1  -1  0.3  1  1  1  1  1  1  0  2  1  1
//7PM
160 230 255  255 255 252  255 255 255  -1  0  182  131 195 230  255 255 255  -1  -1  -1  -1  1  1500  73  119 120 120  105 105 105  0 40 60 239  0.34  0  0.61  2.88  117 117 117  0 0 0  0.38  1  0.89  1  1  1.11  16  128  1.46  256  0.08  77  1.5  2  2  3.5  13  -10  0.5  0.678 0.839 1  0.871 0.486 0.486  1 0.89 0.694  0.361 0.31 0.31  1  1.86  0.203  -1  -1  0.478 0.478 0.478  0.396  0  0  0.132  -1 0.757  8  0.667  1.7  -1  0.088  0.4  0.124  0  1.265  0.8 0.8 0.8  0.14  0.922 0.922 0.922  0.164  6  0  0.685  0  24 25 26  0  0  -1  -1  0  0.124  25  -1  -1  0.3  1  1  0.5  1  1  1  0  2  1  1
//8PM
166 227 250  254 254 249  246 246 246  -1  0  182  131 195 230  255 255 255  -1  -1  -1  -1  1.2  1500  73  119 120 120  105 105 105  0 40 60 239  0.29  0  0.61  2.19  99 105 97  0 0 0  0.39  1  0.72  1  1  1.49  16  128  1.46  256  0.08  77  1.45  2.14  2.07  3.3  5  0  0.527  0.435 0.482 0.522  0.812 0.906 1  1 0.894 0.698  0.361 0.31 0.31  1  6.613  0.215  -1  -1  0.478 0.478 0.478  0.368  0  0  0.132  -1 0.488  8  0.667  0.365  -1  0.026  0.4  0.846  0  1.265  0.8 0.8 0.8  0  0.459 0.459 0.459  0  6  0  0.685  0  24 25 26  0  0  -1  -1  0  0.09  1000  -1  -1  0.3  1  2.1  0.75  2  1  1  0.4  2  1  1
//9PM
167 221 237  252 251 241  222 222 222  -1  0  218  177 222 224  255 255 255  -1  -1  -1  -1  1.2  1500  73  119 120 120  105 105 105  0 40 60 239  0.23  0  0.65  2.7  107 120 103  0 0 0  0.43  1  0.9  1  1  1.8  16  128  1.46  256  0.08  77  1.32  2.53  2.24  2.7  13  -10  0.5  0.678 0.839 1  0.812 0.906 1  1 0.894 0.698  0.361 0.31 0.31  1  6.613  0.215  -1  -1  0.478 0.478 0.478  0.368  0  0  0.132  -1 0.488  8  0.667  0.365  -1  0.026  0.4  0.846  0  1.265  0.8 0.8 0.8  0  0.569 0.569 0.569  0  6  0  0.685  0  24 25 26  0  0  -1  -1  0  0  1000  -1  -1  0.3  1  2  0.8  2  1  1  0.4  2  1  1
//10PM
174 199 192  249 243 214  138 138 138  -1  0  218  177 222 224  255 255 255  -1  -1  -1  -1  1.2  1500  73  119 120 120  105 105 105  0 40 60 239  0.23  0  0.65  2.49  107 120 103  0 0 0  0.57  1  0.9  1  1  1.65  16  128  1.46  256  0.08  77  0.82  4.01  2.91  2.7  13  -10  0.5  0.678 0.839 1  0.812 0.906 1  1 0.894 0.698  0.361 0.31 0.31  1  6.613  0.215  -1  -1  0.478 0.478 0.478  0.368  0  0  0.132  -1 0.488  8  0.667  0.365  -1  0.026  0.4  0.846  0  1.265  0.8 0.8 0.8  0  0.569 0.569 0.569  0  6  0  0.685  0  24 25 26  0  0  -1  -1  0  0  1000  -1  -1  0.3  1  1.825  0.85  2  1  1  0.4  2  1  1

//LIGHTNING
//Midnight
145 155 205  185 172 158  0 0 0  -1  0  79  68 87 74  255 255 255  -1  -1  -1  -1  1  1500  73  119 120 120  105 105 105  76 76 76 125  0.17  0  0.61  2.88  104 120 99  0 0 0  0.86  1  0.92  0.82  1  0.96  16  128  1.46  256  0.11  77  0  5.02  5.53  4.5  13  -12  1.393  0.29 0.306 0.322  0.871 0.486 0.486  1 0.894 0.698  0.361 0.31 0.31  1  1.298  0.155  -1  -1  0.2 0.2 0.2  0.102  1.243  0  0.132  -1 0.757  8  0.837  1.7  -1  0.354  0.4  1.112  0.842  1.265  0 0 0  0.925  0.89 0.827 0.8  0.164  5  0  0.685  0  24 25 26  0  0  -1  -1  0  0.419  130.75  -1  -1  0  0.3  2.25  0.85  1  1  1  0.75  2  1  1
//5AM
147 152 192  167 160 169  0 0 0  -1  0  79  73 94 80  255 255 255  -1  -1  -1  -1  1  1500  73  119 120 120  105 105 105  76 76 76 125  0.17  0  0.61  2.88  104 120 99  0 0 0  0.86  1  0.92  0.82  1  0.96  16  128  1.46  256  0.11  77  0  4.51  4.76  4.5  13  -7  1.393  0.29 0.306 0.322  0.871 0.486 0.486  1 0.894 0.698  0.361 0.31 0.31  1  1.298  0.155  -1  -1  0.2 0.2 0.2  0.102  1.243  0  0.132  -1 0.757  8  0.837  1.7  -1  0.354  0.4  1.112  0.842  1.265  0 0 0  0.925  0.89 0.827 0.8  0.164  5  0  0.685  0  24 25 26  0  0  -1  -1  0  0.419  130.75  -1  -1  0  0.3  2.575  0.75  1  1  1  0.75  2  1  1
//6AM
250 253 255  117 172 255  255 255 255  -1  0  132  56 128 117  255 255 255  -1  -1  -1  -1  1  1500  40.5  119 120 120  105 105 105  48 48 48 239  0.2  0.22  0.5  5.03  130 120 104  0 0 0  0.41  1  0.96  1  1  1  16  128  1.46  256  0.08  77  7  4.2  7  6.5  0  0  0.96  0.435 0.482 0.522  0.812 0.906 1  1 0.894 0.698  0.361 0.31 0.31  1  6.613  0.215  -1  -1  0.478 0.478 0.478  0.368  0.998  0  0.132  -1 0.488  8  0.667  0.365  -1  0.026  0.4  0.846  0.89  1.265  0.8 0.8 0.8  0  0.569 0.569 0.569  0  8  0  0.685  0  24 25 26  0  0  -1  -1  0  0.14  1000  -1  -1  0  1  1.75  0.9  1  1  1  0.725  2  1  1
//7AM
229 205 174  166 192 206  96 96 96  -1  0  132  111 126 130  255 255 255  -1  -1  -1  -1  1  1500  40.5  119 120 120  105 105 105  0 40 60 239  0.22  0.22  0.5  3.52  92 112 120  0 0 0  0.65  1  0.88  1  1  1.23  16  128  1.46  256  0.08  77  2.93  6.3  6.2  6.5  0  0  1.045  0.435 0.482 0.522  0.812 0.906 1  1 0.894 0.698  0.361 0.31 0.31  1  6.613  0.215  -1  -1  0.478 0.478 0.478  0.368  0.998  0  0.132  -1 0.488  8  0.667  0.365  -1  0.026  0.4  0.846  0.89  1.265  0.8 0.8 0.8  0  0.569 0.569 0.569  0  8  0  0.685  0  24 25 26  0  0  -1  -1  0  0.314  1000  -1  -1  0  1  1  0.9  1  1  1  0.725  2  1  1
//9AM
219 182 136  189 201 183  48 48 48  -1  0  132  111 126 130  255 255 255  -1  -1  -1  -1  1  1500  40.5  119 120 120  105 105 105  41 41 41 239  0.26  0.22  0.5  2.92  99 117 130  0 0 0  0.75  1  1.09  1  1  1.26  16  128  1.46  256  0.08  77  1.49  7.03  5.82  10.75  0  0  1.045  0.435 0.482 0.522  0.812 0.906 1  1 0.894 0.698  0.361 0.31 0.31  1  6.613  0.215  -1  -1  0.478 0.478 0.478  0.368  0.998  0  0.132  -1 0.488  8  0.667  0.365  -1  0.026  0.4  0.846  0.89  1.265  0.8 0.8 0.8  0  0.569 0.569 0.569  0  8  0  0.685  0  24 25 26  0  0  -1  -1  0  0.314  1000  -1  -1  0  1  1  0.85  1  1  1  0.725  2  1  1
//Midday
250 253 255  117 172 255  255 255 255  -1  0  132  111 126 130  255 255 255  -1  -1  -1  -1  1  1500  40.5  119 120 120  105 105 105  48 48 48 239  0.28  0.22  0.5  5.03  104 117 130  0 0 0  0.41  1  0.9  1  1  0.85  16  128  1.46  256  0.08  77  7  4.2  7  7.25  0  0  0.6  0.435 0.482 0.522  0.812 0.906 1  1 0.894 0.698  0.361 0.31 0.31  1  6.613  0.215  -1  -1  0.478 0.478 0.478  0.368  0.998  0  0.132  -1 0.488  8  0.667  0.365  -1  0.026  0.4  0.846  0.89  1.265  0.8 0.8 0.8  0  0.569 0.569 0.569  0  8  0  0.685  0  24 25 26  0  0  -1  -1  0  0.163  1000  -1  -1  0  1  1  0.75  1  1  1  0.725  2  1  1
//6PM
250 253 255  117 172 255  255 255 255  -1  0  132  111 126 130  255 255 255  -1  -1  -1  -1  1  1500  40.5  119 120 120  105 105 105  42 43 43 239  0.28  0.22  0.5  5.03  104 117 130  0 0 0  0.57  1  0.88  1  1  1.01  16  128  1.46  256  0.08  77  7  4.2  7  6.5  0  0  0.6  0.435 0.482 0.522  0.812 0.906 1  1 0.894 0.698  0.361 0.31 0.31  1  6.613  0.215  -1  -1  0.478 0.478 0.478  0.368  0.998  0  0.132  -1 0.488  8  0.667  0.365  -1  0.026  0.4  0.846  0.89  1.265  0.8 0.8 0.8  0  0.569 0.569 0.569  0  8  0  0.685  0  24 25 26  0  0  -1  -1  0  0.22  1000  -1  -1  0  1  1  0.7  1  1  1  0.725  2  1  1
//7PM
250 253 255  117 172 255  255 255 255  -1  0  132  111 126 130  255 255 255  -1  -1  -1  -1  1  1500  40.5  119 120 120  105 105 105  0 40 60 239  0.28  0.22  0.5  5.03  124 130 104  0 0 0  0.41  1  0.99  1  1  0.85  16  128  1.46  256  0.08  77  7.25  4.75  6.5  6.5  0  -2  0.6  0.435 0.482 0.522  0.812 0.906 1  1 0.894 0.698  0.361 0.31 0.31  1  6.613  0.215  -1  -1  0.478 0.478 0.478  0.368  0.998  0  0.132  -1 0.488  8  0.667  0.365  -1  0.026  0.4  0.846  0.89  1.265  0.8 0.8 0.8  0  0.569 0.569 0.569  0  8  0  0.685  0  24 25 26  0  0  -1  -1  0  0.111  1000  -1  -1  0  1  2.025  0.65  1  1  1  0.725  2  1  1
//8PM
250 253 255  117 172 255  255 255 255  -1  0  132  111 126 130  255 255 255  -1  -1  -1  -1  1  1500  40.5  119 120 120  105 105 105  25 25 26 239  0.14  0.22  0.5  5.03  104 124 130  0 0 0  0.41  1  1.09  1  1  0.85  16  128  1.46  256  0.08  77  15.5  9.5  13.75  13  0  0  0.6  0.435 0.482 0.522  0.812 0.906 1  1 0.894 0.698  0.361 0.31 0.31  1  6.613  0.215  -1  -1  0.478 0.478 0.478  0.368  0.998  0  0.132  -1 0.488  8  0.667  0.365  -1  0.026  0.4  0.846  0.89  1.265  0.329 0.329 0.329  0  0.569 0.569 0.569  0  8  0  0.685  0  24 25 26  0  0  -1  -1  0  0.17  1000  -1  -1  0  0.725  2.725  1.05  1  1  1  0.725  2  1  1
//9PM
145 155 205  185 172 158  0 0 0  -1  0  79  48 120 72  255 255 255  -1  -1  -1  -1  1  1500  73  119 120 120  105 105 105  76 76 76 125  0.17  0  0.61  2.88  104 120 99  0 0 0  0.86  1  0.92  0.82  1  0.96  16  128  1.46  256  0.11  77  0  5.02  5.53  4.5  13  10  1.393  0.29 0.306 0.322  0.871 0.486 0.486  1 0.894 0.698  0.361 0.31 0.31  1  1.298  0.155  -1  -1  0.2 0.2 0.2  0.102  1.243  0  0.132  -1 0.757  8  0.837  1.7  -1  0.354  0.4  1.112  0.842  1.265  0 0 0  0.925  0.89 0.827 0.8  0.164  5  0  0.685  0  24 25 26  0  0  -1  -1  0  0.419  130.75  -1  -1  -0  0.225  2.125  0.75  1  1  1  0.75  2  1  1
//10PM
175 142 119  216 200 144  0 0 0  -1  0  79  79 120 93  255 255 255  -1  -1  -1  -1  1  1500  73  119 120 120  105 105 105  76 76 76 125  0.17  0  0.61  2.26  104 120 99  0 0 0  0.89  1  0.92  0.82  1  1.27  16  128  1.46  256  0.11  77  0  7.07  5.23  4.5  13  10  1.393  0.29 0.306 0.322  0.871 0.486 0.486  1 0.894 0.698  0.361 0.31 0.31  1  1.298  0.155  -1  -1  0.2 0.2 0.2  0.102  1.243  0  0.132  -1 0.757  8  0.837  1.7  -1  0.354  0.4  1.112  0.842  1.265  0 0 0  0.925  0.89 0.827 0.8  0.164  5  0  0.685  0  24 25 26  0  0  -1  -1  0  0.419  130.75  -1  -1  0  0.225  2.5  0.8  1  1  1  0.75  2  1  1

//TEMP
//Midnight
153 148 169  158 156 174  210 252 252  -1  0  79  73 127 171  255 255 255  -1  -1  -1  -1  1  1382.82  73  119 120 120  105 105 105  76 76 76 125  0.17  0  0.61  2.7  99 112 120  0 0 0  0.87  1  0.92  0.82  1  1.03  16  128  1.46  256  0.11  77  2.75  4.45  4.17  4.5  13  10  1.393  0.29 0.306 0.322  0.871 0.486 0.486  1 0.894 0.698  0.361 0.31 0.31  1  1.298  0.155  -1  -1  0.2 0.2 0.2  0.102  1.243  0  0.132  -1 0.757  8  0.837  1.7  -1  0.354  0.4  1.112  0.842  1.265  0 0 0  0.925  0.89 0.827 0.8  0.164  5  0  0.685  0  24 25 26  0  0  -1  -1  0  0.419  130.75  -1  -1  0  0.3  1  0.975  1  1  1  0.75  2  1  1
//5AM
235 160 21  30 183 217  242 255 217  -1  0  0  0 200 255  0 0 0  -1  -1  -1  -1  1  1200  50  35 9 10  26 30 36  0 0 0 50  0.26  1.86  0.41  10  119 141 145  0 0 0  0.42  1  0.72  0.62  1  1.5  15  348.75  0.47  176.13  0.1  0  0  1.6  1.85  0.05  0  0  0.565  0.678 0.839 1  0.812 0.906 1  1 0.894 0.698  0.361 0.31 0.31  1  6.613  0.215  -1  -1  0.478 0.478 0.478  0.368  0.998  0  0.132  -1 0.757  8  0.667  1.7  -1  0.088  0.4  0.124  0.89  1.265  0.8 0.8 0.8  0.14  0.953 0.761 0.761  0.164  100  0  0.685  0  24 25 26  0  0  -1  -1  0  0  1000  -1  -1  0.475  1  4.65  0.775  1  1  1  0  2  1  1
//6AM
255 227 166  250 136 42  255 179 42  -1  0  24  255 140 140  255 255 255  -1  -1  -1  -1  1  1500  73  119 120 120  105 105 105  61 31 0 239  0.14  0  0.61  2.88  122 110 94  0 0 0  0.66  1  0.71  0.82  1  1.18  16  128  1.46  256  0.17  77  20.75  4  4.5  12.75  13  10  0.032  0.678 0.839 1  0.871 0.486 0.486  1 0.894 0.698  1 0.882 0.588  1  1.86  0.203  -1  -1  0.478 0.478 0.478  0.396  1.296  0.252  0.132  -1 0.757  8  0.667  1.7  -1  0.088  0.4  0.124  0.89  1.265  0.8 0.8 0.8  0.14  0.953 0.761 0.761  0.164  25  0  0.685  0  24 25 26  0  0  -1  -1  0  0  1000  -1  -1  0.225  1  1.05  1  1  1  1  0.8  2  1  1
//7AM
255 255 255  255 254 255  255 255 255  -1  0  0  156 209 255  255 255 255  -1  -1  -1  -1  1  1200  100  120 120 120  105 105 105  0 40 60 240  0.11  0.22  0.5  0.63  128 128 128  0 0 0  0.8  1  0.72  1  1  0.85  16  128  1.46  256  0.08  77  46  2  10.25  14.5  13  15  1.5  0.678 0.839 1  0.922 0.961 1  1 0.894 0.698  0.361 0.31 0.31  1  2.175  0.43  -1  -1  0.478 0.478 0.478  0.345  0  0  0.132  -1 0.757  8  0  1.572  -1  0.088  0.4  0.124  0  1.265  0.8 0.8 0.8  0.295  0.761 0.737 0.722  0.274  100  0  0.685  0  24 25 26  0  0  -1  -1  0.062  0.259  1000  -1  -1  0  1  1  1  1  1  1  0.875  2  1  1
//9AM
255 255 255  255 254 255  255 255 255  -1  0  0  156 209 255  255 255 255  -1  -1  -1  -1  1  1200  100  120 120 120  105 105 105  0 40 60 240  0.11  0.22  0.5  5.03  120 114 90  0 0 0  0.8  1  0.72  1  1  0.85  16  128  1.46  256  0.08  77  0  22  22  14.5  13  15  0.03  0.678 0.839 1  0.922 0.961 1  1 0.894 0.698  0.361 0.31 0.31  1  2.175  0.43  -1  -1  0.478 0.478 0.478  0.345  0  0  0.132  -1 0.757  8  0  1.572  -1  0.088  0.4  0.124  0  1.265  0.8 0.8 0.8  0.295  0.761 0.737 0.722  0.274  100  0  0.685  0  24 25 26  0  0  -1  -1  0.062  0.259  1000  -1  -1  0  1  1  1  1  1  1  0  2  1  1
//Midday
255 242 242  247 240 240  255 254 252  -1  0  0  65 158 240  255 255 255  -1  -1  -1  -1  1  1200  73  119 120 120  105 105 105  0 40 60 239  0.22  0.48  0.48  0.17  128 128 128  0 0 0  1  1  1  1  1  1  16  128  0.28  256  0  77  3.5  3.5  3.75  3.25  13  10  0.5  0.282 0.471 0.659  0.871 0.486 0.486  1 0.894 0.698  0.361 0.31 0.31  1  1.298  0.165  -1  -1  0.451 0.431 0.427  0.303  0.438  0  0.132  -1 0.757  8  0.667  1.7  -1  0.645  0.4  0.124  0.425  1.265  0 0 0  0.14  0.941 0.631 0.49  0.164  100  0  0.685  0  24 25 26  0  0  -1  -1  0.032  0  1000  -1  -1  0.325  1  1  1  1  1  1  1  2  1  1
//6PM
166 230 255  255 195 117  250 228 117  -1  0  0  155 209 255  255 255 255  -1  -1  -1  -1  1  1200  73  119 120 120  105 105 105  0 40 60 239  0.15  0  0.61  2.88  115 122 108  0 0 0  0.66  1  0.71  0.82  1  0.85  16  128  1.46  256  0.08  77  20.75  9.5  8.5  14.5  13  10  0.5  0.678 0.839 1  0.871 0.486 0.486  1 0.894 0.698  0.361 0.31 0.31  1  1.86  0.203  -1  -1  0.451 0.431 0.427  0.396  1.109  0  0.132  -1 0.757  8  0.667  1.7  -1  0.754  0.4  0.124  0.89  1.265  0 0 0  0.14  0.953 0.761 0.761  0.164  100  0  0.685  0  24 25 26  0  0  -1  -1  0  0  1000  -1  -1  0  1  1  1  1  1  1  0  2  1  1
//7PM
250 253 255  117 172 255  255 232 255  -1  0  0  155 209 255  255 255 255  -1  -1  -1  -1  1  1500  73  119 120 120  105 105 105  0 40 60 239  0.11  0  0.5  1.3  118 140 134  0 0 0  0.36  1  0.72  1  1  1  16  128  1.46  256  0.08  77  15.5  9.5  13.75  14.5  13  0  0.46  0.678 0.839 1  0.812 0.906 1  1 0.894 0.698  0.361 0.31 0.31  1  6.613  0.215  -1  -1  0.478 0.478 0.478  0.368  0.998  0  0.132  -1 0.757  8  0.667  1.7  -1  0.088  0.4  0.124  0.89  1.265  0.8 0.8 0.8  0.14  0.953 0.761 0.761  0.164  8  0  0.685  0  24 25 26  0  0  -1  -1  0  0  1000  -1  -1  0  1  1  1  1  1  1  0.7  2  1  1
//8PM
255 227 166  250 136 42  255 134 42  -1  0  24  255 140 140  255 255 255  -1  -1  -1  -1  1  1500  73  119 120 120  105 105 105  61 31 0 239  0.14  0  0.61  2.88  122 110 94  0 0 0  0.66  1  0.71  0.82  1  1.18  16  128  1.46  256  0.17  77  20.75  4  4.5  10  13  10  0.4  1 0.839 0.678  0.871 0.486 0.486  1 0.894 0.698  1 0.882 0.588  1  1.86  0.203  -1  -1  0.478 0.478 0.478  0.396  1.296  0.252  0.132  -1 0.757  8  0.667  1.7  -1  0.088  0.4  0.124  0.89  1.265  0.8 0.8 0.8  0.14  0.949 0.906 0.761  0.164  100  0  0.685  0  24 25 26  0  0  -1  -1  0  0  1000  -1  -1  0.225  1  1.05  1  1  1  1  0  2  1  1
//9PM
255 227 166  250 136 42  255 134 42  -1  0  24  255 140 140  255 255 255  -1  -1  -1  -1  1  1500  73  119 120 120  105 105 105  61 31 0 239  0.14  0  0.61  2.88  122 110 94  0 0 0  0.66  1  0.71  0.82  1  1.18  16  128  1.46  256  0.17  77  20.75  4  4.5  10  13  10  0.4  1 0.839 0.678  0.871 0.486 0.486  1 0.894 0.698  1 0.882 0.588  1  1.86  0.203  -1  -1  0.478 0.478 0.478  0.396  1.296  0.252  0.132  -1 0.757  8  0.667  1.7  -1  0.088  0.4  0.124  0.89  1.265  0.8 0.8 0.8  0.14  0.949 0.906 0.761  0.164  100  0  0.685  0  24 25 26  0  0  -1  -1  0  0  1000  -1  -1  0.225  1  1.05  1  1  1  1  0  2  1  1
//10PM
0 180 240  0 180 240  0 46 240  -1  0  0  0 0 0  255 128 0  -1  -1  -1  -1  1  600  10  70 27 10  15 11 34  15 18 20 240  3.66  0.77  0.19  1.25  128 128 128  0 0 0  0.85  1  0.83  1  1  1  16  128  3.49  256  0.2  0  4.5  1  1  4  1  0  2  0 0.5 1  0 0.5 1  0 0.5 1  1 0.5 0  1  11  1  -1  -1  0.8 0.8 0.8  1  0.5  0.1  0.312  -1 0.5  8  0.312  1.7  -1  0.088  0.3  0  1.58  1.2  0.8 0.8 0.8  0  0.952 0.762 0.762  0  1.7  0.315  0.685  0.041  24 25 26  0.143  0  -1  -1  0  2  1000  -1  -1  0  1  1  1  1  1  1  0  2  1  1
